0 0.74375 0.36065573770491804 0.175 0.3091334894613583
0 0.521875 0.734192037470726 0.196875 0.3583138173302108
0 0.68515625 0.6088992974238876 0.1359375 0.22014051522248243
0 0.4953125 0.39344262295081966 0.221875 0.22014051522248243
0 0.290625 0.3911007025761124 0.178125 0.2576112412177986
0 0.87109375 0.4496487119437939 0.1359375 0.20140515222482436
0 0.8921875 0.8407494145199064 0.10625 0.16393442622950818
0 0.14921875 0.5140515222482436 0.1796875 0.28337236533957844
0 0.49296875 0.585480093676815 0.9453125 0.7775175644028103
0 0.3359375 0.1358313817330211 0.14375 0.17798594847775176
0 0.70234375 0.8173302107728337 0.1515625 0.22950819672131148