0 0.79921875 0.5322916666666667 0.0359375 0.09375
0 0.8703125 0.4375 0.046875 0.10833333333333334
0 0.9796875 0.65 0.0375 0.10833333333333334
0 0.06378124999999998 0.4013333333333333 0.121875 0.2072083333333333
0 0.23523437500000002 0.45247916666666665 0.11534375 0.18070833333333336
0 0.361078125 0.6025208333333333 0.19545312499999995 0.13229166666666667
0 0.42940625 0.48354166666666665 0.05198437499999997 0.09131249999999996
0 0.508515625 0.4568125 0.03693749999999998 0.07195833333333337
0 0.34659375 0.38085416666666666 0.14489062500000002 0.10564583333333329
0 0.546171875 0.7157916666666666 0.05256249999999998 0.10887499999999999
0 0.49545312499999994 0.7292500000000001 0.03351562500000007 0.06379166666666668
0 0.9492968749999999 0.6735625 0.05767187500000013 0.172125
0 0.6360781249999999 0.596625 0.05909375000000008 0.10160416666666663
0 0.892890625 0.8982500000000001 0.0840937499999999 0.1290625000000001