1 0.20078125 0.540625 0.0640625 0.09375
1 0.30390625 0.421875 0.0734375 0.09375
1 0.12578125 0.6166666666666667 0.0578125 0.07083333333333333
1 0.38125 0.5083333333333333 0.059375 0.07916666666666666
1 0.75390625 0.31979166666666664 0.0359375 0.04791666666666667
1 0.55859375 0.48020833333333335 0.0515625 0.06875
1 0.3140625 0.5989583333333334 0.040625 0.052083333333333336
1 0.58359375 0.42083333333333334 0.0421875 0.058333333333333334
1 0.34921875 0.4895833333333333 0.5171875 0.3375
1 0.33125 0.6854166666666667 0.0375 0.04583333333333333
1 0.315625 0.5072916666666667 0.046875 0.06875
