1 0.42421875 0.12945368171021376 0.1328125 0.20665083135391923
1 0.24140625 0.6413301662707839 0.2203125 0.22327790973871733
1 0.6921875 0.6983372921615202 0.178125 0.2755344418052256
1 0.475 0.6769596199524941 0.10625 0.166270783847981
1 0.09375 0.14370546318289787 0.13125 0.1876484560570071
1 0.73203125 0.43942992874109266 0.1359375 0.171021377672209
1 0.86875 0.5558194774346793 0.146875 0.21852731591448932
1 0.771875 0.5938242280285035 0.340625 0.4845605700712589
1 0.70546875 0.5427553444180523 0.1203125 0.13064133016627077
1 0.80078125 0.6342042755344418 0.1015625 0.22802850356294538
