1 0.353125 0.33645833333333336 0.11875 0.15208333333333332
1 0.5109375 0.5447916666666667 0.11875 0.16041666666666668
1 0.70078125 0.41041666666666665 0.1140625 0.14166666666666666
1 0.29296875 0.871875 0.1234375 0.17708333333333334
1 0.16484375 0.4427083333333333 0.1140625 0.13125
1 0.0484375 0.96875 0.08125 0.058333333333333334
1 0.134375 0.8135416666666667 0.084375 0.12291666666666666
1 0.70546875 0.6177083333333333 0.0828125 0.12291666666666666
1 0.22890625 0.9229166666666667 0.1609375 0.15
1 0.78671875 0.5083333333333333 0.3421875 0.3416666666666667
1 0.90859375 0.565625 0.0984375 0.13958333333333334
1 0.54296875 0.95625 0.0953125 0.08333333333333333
1 0.1328125 0.33645833333333336 0.14375 0.13958333333333334
1 0.52734375 0.38958333333333334 0.1140625 0.13333333333333333
1 0.02421875 0.8239583333333333 0.0484375 0.10208333333333333
1 0.43125 0.93125 0.078125 0.10833333333333334
1 0.64296875 0.5927083333333333 0.0546875 0.08541666666666667
1 0.82890625 0.46770833333333334 0.0796875 0.10208333333333333
1 0.37421875 0.9625 0.0859375 0.07083333333333333
1 0.29765625 0.875 0.5953125 0.24583333333333332
