1 0.8875 0.22694174757281554 0.078125 0.12378640776699029
1 0.0984375 0.6516990291262136 0.13125 0.17233009708737865
1 0.69140625 0.6662621359223301 0.0984375 0.16747572815533981
1 0.55703125 0.6783980582524272 0.0859375 0.12864077669902912
1 0.40703125 0.5764563106796117 0.0796875 0.14805825242718446
1 0.80703125 0.40048543689320387 0.0859375 0.1262135922330097
1 0.89296875 0.5436893203883495 0.0953125 0.16019417475728157
1 0.83671875 0.6565533980582524 0.0859375 0.13349514563106796
1 0.14375 0.6893203883495146 0.221875 0.24757281553398058
1 0.5125 0.5497572815533981 0.071875 0.10436893203883495
