1 0.57890625 0.5270833333333333 0.0578125 0.08333333333333333
1 0.60078125 0.3375 0.0484375 0.06666666666666667
1 0.646875 0.3072916666666667 0.05625 0.07291666666666667
1 0.49375 0.66875 0.23125 0.37083333333333335
1 0.421875 0.7708333333333334 0.0875 0.16666666666666666
1 0.51796875 0.6010416666666667 0.1796875 0.23541666666666666
1 0.59296875 0.44895833333333335 0.4328125 0.8145833333333333
1 0.415625 0.7760416666666666 0.075 0.08125
1 0.49765625 0.678125 0.0578125 0.07708333333333334
1 0.46171875 0.6125 0.0640625 0.09166666666666666
1 0.43515625 0.81875 0.0578125 0.07083333333333333
1 0.42734375 0.71875 0.0640625 0.0625
