1 0.55859375 0.609375 0.6140625 0.7104166666666667
1 0.44609375 0.09479166666666666 0.1890625 0.18541666666666667
1 0.5171875 0.5 0.15625 0.18333333333333332
1 0.3734375 0.8760416666666667 0.115625 0.18125
1 0.62890625 0.615625 0.1265625 0.21458333333333332
1 0.3484375 0.43854166666666666 0.13125 0.15625
1 0.4453125 0.34791666666666665 0.128125 0.18333333333333332
1 0.47421875 0.7166666666666667 0.1234375 0.19583333333333333
1 0.25546875 0.678125 0.0859375 0.11458333333333333
1 0.490625 0.06979166666666667 0.096875 0.13541666666666666
