1 0.3890625 0.502020202020202 0.078125 0.07878787878787878
1 0.39609375 0.8181818181818182 0.1015625 0.1414141414141414
1 0.54453125 0.5474747474747474 0.0796875 0.11313131313131314
1 0.6625 0.703030303030303 0.078125 0.10101010101010101
1 0.08515625 0.6585858585858586 0.0609375 0.08484848484848485
1 0.20390625 0.7070707070707071 0.1265625 0.12525252525252525
1 0.4875 0.5161616161616162 0.06875 0.07474747474747474
1 0.89765625 0.6525252525252525 0.0890625 0.10909090909090909
1 0.23671875 0.4818181818181818 0.0640625 0.0707070707070707
1 0.475 0.6272727272727273 0.046875 0.05858585858585859
1 0.52421875 0.807070707070707 0.0703125 0.09494949494949495
1 0.471875 0.8212121212121212 0.065625 0.10707070707070707
1 0.80390625 0.6252525252525253 0.0921875 0.08282828282828283
1 0.32109375 0.6737373737373737 0.0578125 0.07474747474747474
1 0.38203125 0.6767676767676768 0.0484375 0.06060606060606061
1 0.10234375 0.4636363636363636 0.0671875 0.0707070707070707
