1 0.66640625 0.23645833333333333 0.1328125 0.16875
1 0.540625 0.29375 0.125 0.1875
1 0.39609375 0.8375 0.1234375 0.19166666666666668
1 0.3796875 0.4197916666666667 0.10625 0.14375
1 0.4875 0.7552083333333334 0.30625 0.35625
1 0.1640625 0.4479166666666667 0.08125 0.09583333333333334
1 0.71796875 0.4166666666666667 0.1109375 0.175
1 0.33671875 0.5291666666666667 0.1296875 0.15416666666666667
1 0.60859375 0.44583333333333336 0.1265625 0.19166666666666668
1 0.590625 0.7385416666666667 0.1 0.16041666666666668
1 0.82578125 0.453125 0.0984375 0.14375
1 0.15703125 0.534375 0.0796875 0.08541666666666667
1 0.5 0.778125 0.1125 0.17708333333333334
1 0.6765625 0.34791666666666665 0.396875 0.3958333333333333
1 0.16171875 0.48854166666666665 0.0890625 0.18125
1 0.340625 0.47708333333333336 0.1875 0.2625
1 0.2875 0.46041666666666664 0.08125 0.12916666666666668
1 0.49765625 0.540625 0.7609375 0.7895833333333333
1 0.47265625 0.665625 0.1296875 0.17708333333333334
