1 0.3765625 0.38333333333333336 0.046875 0.058333333333333334
1 0.6953125 0.6020833333333333 0.059375 0.0875
1 0.509375 0.35 0.071875 0.10416666666666667
1 0.75078125 0.6604166666666667 0.0515625 0.058333333333333334
1 0.46640625 0.5645833333333333 0.0390625 0.058333333333333334
1 0.4671875 0.390625 0.053125 0.06875
1 0.43828125 0.659375 0.0390625 0.04791666666666667
1 0.459375 0.1875 0.028125 0.0375
1 0.525 0.31875 0.0375 0.04583333333333333
1 0.54140625 0.5895833333333333 0.0328125 0.03333333333333333
1 0.47734375 0.6802083333333333 0.0328125 0.04375
