1 0.4953125 0.6770833333333334 0.14375 0.2125
1 0.16796875 0.40520833333333334 0.2453125 0.5270833333333333
1 0.496875 0.309375 0.196875 0.25625
1 0.8515625 0.5947916666666667 0.165625 0.24375
1 0.1859375 0.26979166666666665 0.20625 0.2520833333333333
1 0.7234375 0.41875 0.13125 0.17916666666666667
1 0.390625 0.63125 0.096875 0.15
1 0.15546875 0.534375 0.2171875 0.26875
1 0.04765625 0.23333333333333334 0.0953125 0.1875
1 0.82734375 0.4114583333333333 0.0953125 0.13958333333333334
1 0.665625 0.44895833333333335 0.5375 0.5395833333333333
