1 0.5921875 0.7310679611650486 0.078125 0.09514563106796116
1 0.140625 0.14563106796116504 0.103125 0.10485436893203884
1 0.57890625 0.4145631067961165 0.1046875 0.1145631067961165
1 0.3109375 0.3388349514563107 0.1 0.11844660194174757
1 0.1375 0.4174757281553398 0.10625 0.11262135922330097
1 0.2890625 0.3679611650485437 0.14375 0.18058252427184465
1 0.13359375 0.49223300970873785 0.0859375 0.07961165048543689
1 0.52734375 0.36893203883495146 0.0703125 0.0854368932038835
1 0.121875 0.30388349514563107 0.071875 0.09514563106796116
1 0.2453125 0.4203883495145631 0.059375 0.07572815533980583
1 0.28203125 0.3970873786407767 0.0734375 0.10679611650485436
