1 0.39609375 0.4947916666666667 0.0578125 0.06875
1 0.4984375 0.5614583333333333 0.053125 0.08125
1 0.7078125 0.46041666666666664 0.046875 0.05
1 0.5109375 0.4666666666666667 0.046875 0.04583333333333333
1 0.56484375 0.584375 0.0453125 0.06458333333333334
1 0.4375 0.546875 0.178125 0.19791666666666666
1 0.46015625 0.6114583333333333 0.0578125 0.06875
1 0.428125 0.5114583333333333 0.040625 0.04791666666666667
1 0.6421875 0.8177083333333334 0.04375 0.05625
1 0.46875 0.5145833333333333 0.040625 0.05
