1 0.19722222222222222 0.56171875 0.35 0.1953125
1 0.6194444444444445 0.8875 0.28888888888888886 0.184375
1 0.6763888888888889 0.5203125 0.5138888888888888 0.159375
1 0.8541666666666666 0.69140625 0.2861111111111111 0.1734375
1 0.5958333333333333 0.64296875 0.275 0.1453125
1 0.33611111111111114 0.78359375 0.32222222222222224 0.2296875
1 0.40694444444444444 0.8234375 0.7138888888888889 0.3125
1 0.7694444444444445 0.33671875 0.45555555555555555 0.2015625
1 0.4875 0.8296875 0.275 0.171875
1 0.5513888888888889 0.5421875 0.25833333333333336 0.115625
