1 0.5359375 0.453125 0.053125 0.07291666666666667
1 0.18984375 0.31666666666666665 0.0484375 0.05416666666666667
1 0.68125 0.44166666666666665 0.434375 0.20416666666666666
1 0.48515625 0.3927083333333333 0.0390625 0.052083333333333336
1 0.334375 0.384375 0.028125 0.035416666666666666
1 0.12734375 0.5739583333333333 0.0515625 0.04791666666666667
1 0.73984375 0.48020833333333335 0.0484375 0.06458333333333334
1 0.30234375 0.3458333333333333 0.0328125 0.041666666666666664
1 0.63515625 0.48333333333333334 0.0484375 0.0625
1 0.25625 0.3229166666666667 0.03125 0.041666666666666664
1 0.0484375 0.5177083333333333 0.084375 0.08125
