1 0.08828125 0.7614583333333333 0.0828125 0.12291666666666666
1 0.41640625 0.6395833333333333 0.0796875 0.1125
1 0.5890625 0.5395833333333333 0.090625 0.10416666666666667
1 0.29453125 0.40208333333333335 0.0484375 0.06666666666666667
1 0.66484375 0.653125 0.0546875 0.06875
1 0.65 0.615625 0.078125 0.08958333333333333
1 0.72421875 0.715625 0.0421875 0.06041666666666667
1 0.33984375 0.7239583333333334 0.0359375 0.04791666666666667
1 0.421875 0.39166666666666666 0.05625 0.07083333333333333
1 0.53203125 0.5177083333333333 0.0546875 0.06875
1 0.4609375 0.4197916666666667 0.05625 0.06875
