1 0.09765625 0.6354166666666666 0.1109375 0.10416666666666667
1 0.24296875 0.5635416666666667 0.1109375 0.12708333333333333
1 0.35703125 0.42083333333333334 0.0671875 0.06666666666666667
1 0.23515625 0.39375 0.0671875 0.0625
1 0.84921875 0.68125 0.0921875 0.11666666666666667
1 0.60703125 0.42604166666666665 0.0796875 0.11458333333333333
1 0.50546875 0.578125 0.9328125 0.46041666666666664
1 0.64921875 0.7489583333333333 0.0953125 0.10625
1 0.5171875 0.42604166666666665 0.078125 0.08125
1 0.37109375 0.6520833333333333 0.0984375 0.13333333333333333
1 0.91484375 0.7072916666666667 0.0578125 0.09791666666666667
