1 0.53984375 0.578125 0.0921875 0.13125
1 0.90390625 0.6354166666666666 0.0734375 0.1
1 0.2015625 0.4552083333333333 0.078125 0.08958333333333333
1 0.515625 0.80625 0.0625 0.075
1 0.13203125 0.46770833333333334 0.0609375 0.08541666666666667
1 0.73828125 0.7260416666666667 0.0734375 0.09791666666666667
1 0.18125 0.4125 0.228125 0.19583333333333333
1 0.484375 0.190625 0.15625 0.17291666666666666
1 0.109375 0.409375 0.084375 0.10208333333333333
1 0.446296875 0.35612499999999997 0.298828125 0.2625833333333334
1 0.36979687499999997 0.666125 0.329421875 0.30966666666666665
