1 0.63515625 0.5479041916167665 0.0984375 0.18562874251497005
1 0.93125 0.6287425149700598 0.090625 0.1497005988023952
1 0.20078125 0.7889221556886228 0.1515625 0.20658682634730538
1 0.07421875 0.9026946107784432 0.0703125 0.12874251497005987
1 0.73984375 0.6916167664670658 0.0734375 0.1317365269461078
1 0.82734375 0.4745508982035928 0.0859375 0.18862275449101795
1 0.75234375 0.4820359281437126 0.0765625 0.16167664670658682
1 0.246875 0.7709580838323353 0.059375 0.15269461077844312
1 0.8921875 0.49251497005988026 0.071875 0.15269461077844312
1 0.82109375 0.4745508982035928 0.2140625 0.19461077844311378
1 0.390625 0.15119760479041916 0.053125 0.09880239520958084
1 0.47109375 0.20508982035928144 0.0859375 0.16467065868263472
1 0.77890625 0.655688622754491 0.0703125 0.1377245508982036
1 0.78046875 0.5673652694610778 0.3921875 0.38023952095808383
1 0.574578125 0.1680239520958084 0.15482812500000004 0.27976047904191614
