1 0.1015625 0.6875 0.165625 0.175
1 0.64296875 0.30520833333333336 0.1546875 0.25625
1 0.7734375 0.7354166666666667 0.15625 0.25
1 0.584375 0.6854166666666667 0.196875 0.19583333333333333
1 0.31875 0.6322916666666667 0.115625 0.20208333333333334
1 0.82578125 0.359375 0.2171875 0.28125
1 0.21875 0.6854166666666667 0.10625 0.12083333333333333
1 0.58046875 0.6864583333333333 0.0828125 0.19375
1 0.7890625 0.2916666666666667 0.14375 0.14583333333333334
1 0.43359375 0.6416666666666667 0.1171875 0.17916666666666667
1 0.52578125 0.7072916666666667 0.0828125 0.14375
1 0.4359375 0.6927083333333334 0.83125 0.33541666666666664
1 0.37578125 0.63125 0.2296875 0.20416666666666666
1 0.646875 0.6864583333333333 0.075 0.17291666666666666
