1 0.36796875 0.6229508196721312 0.0984375 0.10772833723653395
1 0.29453125 0.5409836065573771 0.0703125 0.0936768149882904
1 0.55 0.689695550351288 0.05625 0.07259953161592506
1 0.83671875 0.8173302107728337 0.0953125 0.14988290398126464
1 0.4203125 0.7810304449648712 0.046875 0.08665105386416862
1 0.2859375 0.29859484777517564 0.046875 0.06323185011709602
1 0.4953125 0.5257611241217799 0.065625 0.09133489461358314
1 0.17421875 0.5199063231850117 0.1171875 0.12177985948477751
1 0.153125 0.15105386416861827 0.05 0.06791569086651054
1 0.2421875 0.35362997658079626 0.04375 0.06088992974238876
1 0.65390625 0.7318501170960188 0.0703125 0.11007025761124122
1 0.54609375 0.563231850117096 0.6828125 0.6768149882903981
1 0.74765625 0.8337236533957846 0.0640625 0.09836065573770492
1 0.4109375 0.7154566744730679 0.05625 0.07728337236533958
