1 0.509375 0.6416861826697893 0.134375 0.1592505854800937
1 0.3421875 0.84192037470726 0.109375 0.16159250585480095
1 0.4296875 0.5210772833723654 0.146875 0.20374707259953162
1 0.61484375 0.3149882903981265 0.0921875 0.13348946135831383
1 0.65546875 0.48243559718969553 0.0546875 0.07962529274004684
1 0.52578125 0.4953161592505855 0.1515625 0.22716627634660422
1 0.53046875 0.29859484777517564 0.0796875 0.1288056206088993
1 0.621875 0.24355971896955503 0.115625 0.13114754098360656
1 0.48046875 0.5491803278688525 0.2484375 0.3395784543325527
1 0.5203125 0.44730679156908665 0.33125 0.5526932084309133
1 0.63984375 0.117096018735363 0.0609375 0.11241217798594848
