1 0.7109375 0.2828638497652582 0.190625 0.2323943661971831
1 0.5640625 0.36502347417840375 0.165625 0.25586854460093894
1 0.40625 0.4424882629107981 0.171875 0.2323943661971831
1 0.284375 0.8967136150234741 0.1875 0.20187793427230047
1 0.48828125 0.7300469483568075 0.1640625 0.22535211267605634
1 0.3578125 0.6267605633802817 0.15 0.24882629107981222
1 0.0734375 0.9671361502347418 0.1375 0.06103286384976526
1 0.49921875 0.5774647887323944 0.6140625 0.8309859154929577
1 0.50859375 0.5269953051643192 0.1609375 0.19483568075117372
1 0.57109375 0.6596244131455399 0.0890625 0.16901408450704225
