1 0.1734375 0.3229166666666667 0.140625 0.14583333333333334
1 0.31484375 0.15104166666666666 0.0828125 0.11458333333333333
1 0.11953125 0.715625 0.1140625 0.13541666666666666
1 0.5328125 0.6614583333333334 0.10625 0.17291666666666666
1 0.50546875 0.3 0.0953125 0.13333333333333333
1 0.096875 0.5458333333333333 0.1625 0.19166666666666668
1 0.40703125 0.5447916666666667 0.1265625 0.16458333333333333
1 0.2203125 0.6677083333333333 0.121875 0.16041666666666668
1 0.4328125 0.73125 0.090625 0.11666666666666667
1 0.4390625 0.3229166666666667 0.09375 0.12083333333333333
1 0.32578125 0.027083333333333334 0.1203125 0.05416666666666667
1 0.33125 0.6208333333333333 0.115625 0.15416666666666667
1 0.371875 0.5104166666666666 0.703125 0.5666666666666667
1 0.3078125 0.07083333333333333 0.121875 0.0875
