1 0.759375 0.5642076502732241 0.046875 0.09562841530054644
1 0.53671875 0.6161202185792349 0.0484375 0.08469945355191257
1 0.2703125 0.33879781420765026 0.040625 0.07103825136612021
1 0.2875 0.6420765027322405 0.04375 0.07650273224043716
1 0.234375 0.6639344262295082 0.0375 0.06557377049180328
1 0.9140625 0.32786885245901637 0.040625 0.07650273224043716
1 0.7859375 0.6898907103825137 0.04375 0.07923497267759563
1 0.7984375 0.5683060109289617 0.034375 0.06557377049180328
1 0.6203125 0.5956284153005464 0.034375 0.060109289617486336
1 0.34296875 0.5997267759562842 0.0390625 0.07923497267759563
1 0.60546875 0.4139344262295082 0.0390625 0.05737704918032787
1 0.6375 0.226775956284153 0.053125 0.08743169398907104
1 0.5421875 0.2556830601092896 0.915625 0.34557377049180327
1 0.423171875 0.6250819672131148 0.19635937499999997 0.18273224043715852
