1 0.12578125 0.3458333333333333 0.1359375 0.14166666666666666
1 0.040625 0.290625 0.0625 0.09375
1 0.7890625 0.5239583333333333 0.234375 0.20208333333333334
1 0.5375 0.334375 0.359375 0.28541666666666665
1 0.6640625 0.39166666666666666 0.103125 0.125
1 0.36171875 0.6677083333333333 0.1953125 0.28958333333333336
1 0.5796875 0.3572916666666667 0.096875 0.16458333333333333
1 0.7265625 0.50625 0.109375 0.14166666666666666
1 0.40078125 0.30104166666666665 0.0859375 0.13541666666666666
1 0.28828125 0.45729166666666665 0.0546875 0.07291666666666667
1 0.221875 0.46145833333333336 0.04375 0.06875
1 0.46171875 0.49895833333333334 0.8921875 0.6229166666666667
