1 0.5791666666666667 0.5359375 0.3958333333333333 0.21875
1 0.515625 0.84921875 0.3020833333333333 0.2140625
1 0.434375 0.6578125 0.35208333333333336 0.203125
1 0.46145833333333336 0.19375 0.25625 0.1875
1 0.5739583333333333 0.559375 0.71875 0.81875
1 0.3302083333333333 0.79765625 0.21041666666666667 0.1890625
1 0.7625 0.34375 0.325 0.178125
1 0.459375 0.13828125 0.40208333333333335 0.2765625
1 0.5020833333333333 0.69140625 0.55 0.5328125
1 0.6979166666666666 0.234375 0.24583333333333332 0.146875
