1 0.36640625 0.39791666666666664 0.1359375 0.15416666666666667
1 0.52421875 0.259375 0.0984375 0.15625
1 0.56484375 0.671875 0.1203125 0.15625
1 0.3125 0.5885416666666666 0.13125 0.18958333333333333
1 0.1140625 0.49895833333333334 0.14375 0.18958333333333333
1 0.81171875 0.659375 0.1671875 0.27291666666666664
1 0.2234375 0.5489583333333333 0.128125 0.20208333333333334
1 0.6703125 0.403125 0.134375 0.16041666666666668
1 0.65859375 0.5333333333333333 0.1359375 0.1375
1 0.69453125 0.7135416666666666 0.1015625 0.16041666666666668
1 0.7 0.5625 0.390625 0.48333333333333334
1 0.75 0.5770833333333333 0.071875 0.12916666666666668
