1 0.54296875 0.48333333333333334 0.1046875 0.17083333333333334
1 0.45703125 0.6958333333333333 0.0828125 0.13333333333333333
1 0.90625 0.290625 0.1 0.12708333333333333
1 0.80859375 0.3260416666666667 0.0859375 0.11458333333333333
1 0.25625 0.7645833333333333 0.096875 0.1875
1 0.17265625 0.2677083333333333 0.1015625 0.10625
1 0.17890625 0.740625 0.0796875 0.14375
1 0.4125 0.296875 0.059375 0.08125
1 0.1 0.234375 0.075 0.10625
1 0.59375 0.3729166666666667 0.05625 0.075
1 0.82421875 0.215625 0.0578125 0.09375
