1 0.878125 0.3802083333333333 0.115625 0.15625
1 0.65390625 0.10104166666666667 0.0734375 0.08958333333333333
1 0.371875 0.37083333333333335 0.1625 0.24166666666666667
1 0.3953125 0.090625 0.165625 0.17708333333333334
1 0.58359375 0.571875 0.1984375 0.24791666666666667
1 0.65859375 0.37604166666666666 0.1359375 0.16875
1 0.24453125 0.609375 0.0890625 0.11875
1 0.40546875 0.5979166666666667 0.1484375 0.20416666666666666
1 0.509375 0.44375 0.440625 0.5166666666666667
1 0.60078125 0.25729166666666664 0.1171875 0.13958333333333334
1 0.94375 0.11145833333333334 0.0875 0.08125
