0 0.51953125 0.3804123711340206 0.1859375 0.24948453608247423
0 0.853125 0.03814432989690722 0.1625 0.07628865979381444
0 0.04453125 0.05463917525773196 0.0890625 0.10927835051546392
0 0.6953125 0.48350515463917526 0.184375 0.24948453608247423
0 0.1703125 0.6783505154639176 0.184375 0.2556701030927835
0 0.11796875 0.4536082474226804 0.1703125 0.2309278350515464
0 0.36484375 0.3670103092783505 0.1140625 0.15670103092783505
0 0.0140625 0.43711340206185567 0.028125 0.16494845360824742
0 0.84453125 0.24123711340206186 0.1421875 0.18144329896907216
0 0.90703125 0.44329896907216493 0.1546875 0.20618556701030927
0 0.50703125 0.6144329896907217 0.1078125 0.1402061855670103
0 0.66171875 0.027835051546391754 0.1546875 0.05567010309278351
0 0.846875 0.5670103092783505 0.109375 0.1402061855670103