0 0.2984375 0.6057866184448463 0.253125 0.33273056057866185
0 0.83359375 0.7992766726943942 0.1890625 0.2206148282097649
0 0.4859375 0.3291139240506329 0.165625 0.17721518987341772
0 0.1046875 0.21880650994575046 0.16875 0.1844484629294756
0 0.89453125 0.6338155515370705 0.1734375 0.17540687160940324
0 0.66171875 0.4204339963833635 0.1453125 0.16817359855334538
0 0.25859375 0.3435804701627486 0.1578125 0.17721518987341772
0 0.79375 0.43037974683544306 0.146875 0.1735985533453888
0 0.60078125 0.849005424954792 0.1328125 0.15370705244122965
0 0.46171875 0.5560578661844484 0.2328125 0.32007233273056057
0 0.1796875 0.08589511754068715 0.140625 0.15732368896925858
0 0.503125 0.4638336347197107 0.965625 0.9276672694394213