0 0.50703125 0.5655737704918032 0.0640625 0.08665105386416862
0 0.07265625 0.8044496487119438 0.0515625 0.07259953161592506
0 0.94609375 0.3793911007025761 0.0546875 0.08899297423887588
0 0.0453125 0.7435597189695551 0.046875 0.06323185011709602
0 0.53671875 0.33840749414519905 0.0640625 0.07728337236533958
0 0.9 0.3911007025761124 0.040625 0.0702576112412178
0 0.3546875 0.8009367681498829 0.06875 0.0702576112412178
0 0.59375 0.43208430913348944 0.05 0.09133489461358314
0 0.8125 0.6850117096018735 0.059375 0.11007025761124122
0 0.2296875 0.7295081967213115 0.03125 0.0351288056206089
0 0.7765625 0.4496487119437939 0.05625 0.06557377049180328
0 0.6453125 0.7060889929742389 0.046875 0.06791569086651054
0 0.6125 0.43208430913348944 0.1625 0.09601873536299765
0 0.640625 0.4297423887587822 0.05 0.08196721311475409
0 0.68203125 0.7283372365339579 0.0484375 0.06088992974238876
0 0.73359375 0.6920374707259953 0.2265625 0.13348946135831383