0 0.27890625 0.4226932668329177 0.0765625 0.10723192019950124
0 0.41640625 0.2942643391521197 0.0578125 0.08478802992518704
0 0.04296875 0.6458852867830424 0.0578125 0.08478802992518704
0 0.93984375 0.3865336658354115 0.0640625 0.08977556109725686
0 0.12890625 0.4389027431421446 0.0515625 0.0798004987531172
0 0.39609375 0.7506234413965087 0.0796875 0.19950124688279303
0 0.33359375 0.6134663341645885 0.0640625 0.09975062344139651
0 0.22734375 0.726932668329177 0.0390625 0.06234413965087282
0 0.51328125 0.36783042394014964 0.0671875 0.10224438902743142
0 0.8640625 0.10099750623441396 0.071875 0.10723192019950124
0 0.16328125 0.38403990024937656 0.0578125 0.09975062344139651
0 0.20417187499999997 0.5588528678304239 0.06770312499999998 0.1933665835411472
0 0.4890625 0.5871321695760598 0.15 0.24992518703241903
0 0.8114531250000001 0.24538653366583543 0.31979687500000004 0.31456359102244386