0 0.31953125 0.24375 0.0703125 0.08333333333333333
0 0.38828125 0.2625 0.0609375 0.07083333333333333
0 0.64140625 0.3854166666666667 0.0609375 0.07916666666666666
0 0.51953125 0.5239583333333333 0.0546875 0.07291666666666667
0 0.55859375 0.3458333333333333 0.0515625 0.07083333333333333
0 0.021875 0.30833333333333335 0.04375 0.09166666666666666
0 0.3125 0.46770833333333334 0.09375 0.10208333333333333
0 0.6703125 0.49375 0.04375 0.058333333333333334
0 0.609375 0.5 0.040625 0.058333333333333334
0 0.2921875 0.5791666666666667 0.04375 0.058333333333333334
0 0.3921875 0.6541666666666667 0.05 0.09583333333333334
0 0.30625 0.37916666666666665 0.071875 0.06666666666666667
0 0.4375 0.6364583333333333 0.053125 0.09375
0 0.59921875 0.6760416666666667 0.0609375 0.07291666666666667