0 0.8390625 0.23020833333333332 0.06875 0.08958333333333333
0 0.58203125 0.3375 0.0734375 0.11666666666666667
0 0.51171875 0.4791666666666667 0.0609375 0.09583333333333334
0 0.89375 0.43854166666666666 0.053125 0.06875
0 0.33125 0.16145833333333334 0.071875 0.07708333333333334
0 0.31484375 0.49270833333333336 0.0546875 0.09791666666666667
0 0.36640625 0.5166666666666667 0.0703125 0.12916666666666668
0 0.49921875 0.20104166666666667 0.0453125 0.05625
0 0.27734375 0.134375 0.0546875 0.07708333333333334
0 0.76953125 0.25 0.0546875 0.07916666666666666
0 0.30859375 0.14895833333333333 0.1171875 0.10625
0 0.06875 0.42604166666666665 0.053125 0.06875
0 0.62109375 0.26458333333333334 0.0390625 0.05416666666666667