0 0.71953125 0.7351421188630491 0.1484375 0.21963824289405684
0 0.1265625 0.28294573643410853 0.10625 0.1524547803617571
0 0.17890625 0.5400516795865633 0.1296875 0.12919896640826872
0 0.2390625 0.30749354005167956 0.115625 0.165374677002584
0 0.3484375 0.661498708010336 0.08125 0.11369509043927649
0 0.2546875 0.3863049095607235 0.10625 0.12144702842377261
0 0.48984375 0.5155038759689923 0.0890625 0.19896640826873385
0 0.84765625 0.8397932816537468 0.0796875 0.1343669250645995
0 0.3859375 0.5077519379844961 0.125 0.1937984496124031
0 0.64921875 0.6434108527131783 0.0921875 0.14987080103359174
0 0.68125 0.32041343669250644 0.390625 0.4702842377260982
0 0.42109375 0.7325581395348837 0.0921875 0.1524547803617571
0 0.94296875 0.8552971576227391 0.0703125 0.12919896640826872
0 0.5328125 0.5762273901808785 0.925 0.7596899224806202