0 0.284375 0.58125 0.065625 0.09166666666666666
0 0.378125 0.60625 0.059375 0.08333333333333333
0 0.23828125 0.15729166666666666 0.0609375 0.08125
0 0.4796875 0.5916666666666667 0.071875 0.10416666666666667
0 0.11953125 0.33229166666666665 0.0546875 0.07708333333333334
0 0.2125 0.6364583333333333 0.0625 0.09375
0 0.16171875 0.6229166666666667 0.0453125 0.07083333333333333
0 0.96015625 0.0875 0.0546875 0.06666666666666667
0 0.7078125 0.6072916666666667 0.040625 0.05625
0 0.6140625 0.4322916666666667 0.059375 0.07291666666666667
0 0.50234375 0.2989583333333333 0.0640625 0.08541666666666667
0 0.74140625 0.17395833333333333 0.0640625 0.09375
0 0.53671875 0.559375 0.0609375 0.08125
0 0.673828125 0.28275 0.65234375 0.3502291666666667