0 0.1671875 0.40520833333333334 0.25625 0.36041666666666666
0 0.51484375 0.47708333333333336 0.9640625 0.7958333333333333
0 0.6921875 0.3302083333333333 0.609375 0.4895833333333333
0 0.5609375 0.33229166666666665 0.090625 0.13125
0 0.5953125 0.559375 0.10625 0.13125
0 0.19453125 0.2916666666666667 0.0796875 0.10416666666666667
0 0.2671875 0.6520833333333333 0.071875 0.10833333333333334
0 0.48359375 0.14479166666666668 0.0921875 0.11458333333333333
0 0.37265625 0.7635416666666667 0.0921875 0.10208333333333333
0 0.43984375 0.6354166666666666 0.4171875 0.48333333333333334
0 0.49765625 0.6354166666666666 0.0734375 0.07916666666666666
0 0.12421875 0.275 0.0703125 0.09583333333333334
0 0.42265625 0.24479166666666666 0.0671875 0.11875