0 0.2125 0.22300469483568075 0.25 0.29107981220657275
0 0.65 0.7652582159624414 0.390625 0.352112676056338
0 0.27265625 0.45892018779342725 0.3703125 0.7629107981220657
0 0.24609375 0.7089201877934272 0.2140625 0.2676056338028169
0 0.84140625 0.20422535211267606 0.1109375 0.19718309859154928
0 0.76171875 0.7805164319248826 0.1671875 0.2605633802816901
0 0.2015625 0.47769953051643194 0.196875 0.2793427230046948
0 0.571875 0.2136150234741784 0.325 0.4272300469483568
0 0.3640625 0.545774647887324 0.1875 0.3028169014084507
0 0.62265625 0.8450704225352113 0.1765625 0.19248826291079812
0 0.56953125 0.7382629107981221 0.2296875 0.2934272300469484