0 0.11805555555555555 0.30390625 0.2361111111111111 0.1859375
0 0.5611111111111111 0.55234375 0.25 0.1609375
0 0.9379722222222223 0.7011406250000001 0.11852777777777766 0.11165625000000005
0 0.3638888888888889 0.51015625 0.6444444444444445 0.2453125
0 0.5444444444444444 0.290625 0.6111111111111112 0.275
0 0.48194444444444445 0.2203125 0.24722222222222223 0.13125
0 0.7 0.11640625 0.5944444444444444 0.2328125
0 0.9638888888888889 0.3515625 0.06666666666666667 0.1125
0 0.28194444444444444 0.43515625 0.23055555555555557 0.0953125
0 0.7041666666666667 0.35625 0.2916666666666667 0.14375
0 0.33055555555555555 0.2609375 0.18333333333333332 0.11875
0 0.41944444444444445 0.5171875 0.2222222222222222 0.159375
0 0.44027777777777777 0.34375 0.24166666666666667 0.128125
0 0.42777777777777776 0.39296875 0.85 0.4828125
0 0.7722222222222223 0.3765625 0.15555555555555556 0.103125
0 0.24027777777777778 0.53203125 0.175 0.1296875