0 0.078125 0.14833333333333334 0.11875 0.09333333333333334
0 0.3140625 0.31833333333333336 0.08125 0.09
0 0.446875 0.11916666666666667 0.075 0.08166666666666667
0 0.17109375 0.4583333333333333 0.1421875 0.11666666666666667
0 0.32578125 0.19083333333333333 0.1203125 0.09833333333333333
0 0.43984375 0.4533333333333333 0.0921875 0.09
0 0.275 0.13333333333333333 0.071875 0.08
0 0.50625 0.4375 0.09375 0.10166666666666667
0 0.1203125 0.7725 0.109375 0.10833333333333334
0 0.43203125 0.785 0.0921875 0.09333333333333334
0 0.33515625 0.2575 0.0671875 0.065
0 0.37578125 0.13083333333333333 0.0609375 0.06833333333333333
0 0.43271875 0.5822666666666667 0.6883750000000001 0.36821666666666675
0 0.69834375 0.18861666666666668 0.31337500000000007 0.35871666666666663