0 0.6578125 0.5678496868475992 0.196875 0.22964509394572025
0 0.61484375 0.22964509394572025 0.2234375 0.3089770354906054
0 0.76875 0.10855949895615867 0.15625 0.20876826722338204
0 0.35234375 0.7108559498956158 0.2140625 0.2818371607515658
0 0.2046875 0.21816283924843424 0.134375 0.1649269311064718
0 0.43671875 0.3559498956158664 0.1609375 0.20250521920668058
0 0.22109375 0.35386221294363257 0.1109375 0.1440501043841336
0 0.4328125 0.8789144050104384 0.20625 0.23799582463465555
0 0.50234375 0.6680584551148225 0.1390625 0.21711899791231734
0 0.5421875 0.5 0.609375 0.9916492693110647
0 0.66953125 0.3893528183716075 0.1578125 0.1440501043841336
0 0.40859375 0.778705636743215 0.3265625 0.4384133611691023