0 0.38046875 0.5635416666666667 0.0609375 0.08541666666666667
0 0.67890625 0.5416666666666666 0.1046875 0.14583333333333334
0 0.26328125 0.5229166666666667 0.0734375 0.07916666666666666
0 0.2703125 0.5864583333333333 0.075 0.08541666666666667
0 0.04296875 0.6291666666666667 0.0859375 0.14583333333333334
0 0.12109375 0.5739583333333333 0.1171875 0.09791666666666667
0 0.921875 0.8802083333333334 0.096875 0.13125
0 0.6109375 0.553125 0.053125 0.08541666666666667
0 0.5484375 0.6208333333333333 0.053125 0.07083333333333333
0 0.47890625 0.3458333333333333 0.0859375 0.075
0 0.55546875 0.44583333333333336 0.0859375 0.11666666666666667
0 0.575 0.46041666666666664 0.315625 0.30833333333333335
0 0.57578125 0.49270833333333336 0.0703125 0.07291666666666667
0 0.75 0.7386250000000001 0.33984375 0.3140625