0 0.59609375 0.2709003215434084 0.1828125 0.1752411575562701
0 0.8015625 0.7226688102893891 0.2 0.1720257234726688
0 0.41875 0.3954983922829582 0.146875 0.14790996784565916
0 0.896875 0.8689710610932476 0.134375 0.1302250803858521
0 0.18203125 0.08681672025723473 0.1296875 0.10610932475884244
0 0.4203125 0.17765273311897106 0.121875 0.12057877813504823
0 0.3015625 0.3054662379421222 0.15625 0.12861736334405144
0 0.17421875 0.1647909967845659 0.1109375 0.12057877813504823
0 0.73515625 0.6334405144694534 0.0859375 0.07717041800643087
0 0.54296875 0.17282958199356913 0.1265625 0.11414790996784566
0 0.396875 0.11334405144694534 0.109375 0.06270096463022508
0 0.34453125 0.21382636655948553 0.0859375 0.08038585209003216