0 0.60703125 0.365625 0.1015625 0.15625
0 0.40625 0.653125 0.128125 0.14375
0 0.08671875 0.878125 0.1453125 0.16875
0 0.26640625 0.4552083333333333 0.1453125 0.19791666666666666
0 0.26953125 0.24375 0.1140625 0.14583333333333334
0 0.33359375 0.4822916666666667 0.6640625 0.9645833333333333
0 0.32890625 0.0625 0.1359375 0.125
0 0.5296875 0.3072916666666667 0.11875 0.15625
0 0.38046875 0.3104166666666667 0.0984375 0.14166666666666666
0 0.05703125 0.25833333333333336 0.0984375 0.12916666666666668
0 0.1578125 0.7427083333333333 0.146875 0.17291666666666666
0 0.153125 0.3802083333333333 0.078125 0.10208333333333333
0 0.0578125 0.5875 0.115625 0.17916666666666667
0 0.40703125 0.7614583333333333 0.1109375 0.10625
0 0.1046875 0.5135416666666667 0.13125 0.15208333333333332